17
52
32
23
10
12
5
4
28
25
10
7
3
1
3
0
2
4
10
27
6
1
1
5
15
30
6
1
2
2
1
53
12
8
9
4
2
2
2
7
3
17
14
3
12
10
20
22
21
16
3
3
3
8
3
6
9
1
1
1
3
4
1
7
10
3
0
1
14
6
8
1
3
2
3
17
7
3
7
4
3
5
21
22
4
10
1
3
6
2
1
39
4
2
1
16
2
6
0
2
2
30
5
40
30
3
1
51
25
18
12
13
1
2
6
10
4
0
7
3
12
12
5
0
12
14
15
4
22
3
4
1
14
6
6
2
10
3
1
1
13
2
8
2
13
20
3
22
10
7
5
9
4
4
2
12
2
5
1
27
15
2
1
5
17
3
0
6
2
2
0
9
15
5
2
2
2
11
8
1
3
1
22
6
3
9
8
4
3
1
4
14
3
11
49
7
1
1
18
4
3
3
4
1
4
13
5
9
3
7
11
3
5
7
6
25
4
26
15
2
66
19
12
7
4
36
7
11
30
6
2
5
2
49
9
2
7
1
7
2
1
4
17
6
2
27
5
1
1
2
6
8
15
5
13
6
2
9
3
1
3
12
2
10
1
5
8
23
4
1
2
7
2
19
4
1
6
5
3
2
3
28
5
3
5
1
7
1
1
1
5
7
2
0
6
1
29
3
8
8
4
0
1
1
16
23
8
23
13
6
1
14
3
2
1
1
4
11
12
13
4
2
3
3
2
61
13
5
16
4
0
21
15
2
0
10
17
13
2
21
4
4
4
3
1
46
9
0
1
49
14
8
6
6
6
1
1
3
5
27
3
13
7
27
7
1
21
5
16
4
47
14
3
6
2
18
17
13
14
3
7
6
13
14
8
15
20
3
3
26
10
13
1
1
27
22
39
7
8
23
7
4
1
17
4
2
2
2
5
2
4
7
16
40
4
4
7
4
23
3
1
5
2
10
12
2
1
14
16
8
31
10
3
12
52
7
4
5
35
15
2
10
7
4
17
2
2
8
3
1
4
3
13
12
1
2
16
9
5
11
2
6
3
2
14
4
13
5
10
17
17
3
18
3
3
23
3
38
17
34
11
4
3
11
10
1
13
5
3
4
5
1
8
1
7
8
2
4
8
6
35
13
6
2
4
5
5
8
9
14
2
5
5
4
9
17
5
23
27
5
5
17
4
11
5
2
8
8
56
16
44
5
10
32
7
2
2
0
11
2
1
0
13
2
5
23
3
1
5
8
7
35
5
4
23
10
5
1
17
2
16
2
13
21
6
5
3
0
26
7
2
6
8
6
6
21
30
3
6
6
61
9
6
11
7
4
2
16
14
16
3
5
9
2
0
25
15
28
9
1
5
25
23
26
6
2
2
11
16
7
3
4
9
4
1
1
23
54
8
1
9
48
8
3
24
5
6
1
6
13
23
13
3
29
5
20
5
6
5
3
3
25
7
3
1
12
11
4
6
1
2
2
4
1
23
19
3
1
2
9
9
5
14
6
3
11
5
5
6
31
5
3
1
6
3
2
15
2
8
3
5
5
1
2
5
3
5
42
5
5
3
4
2
4
10
3
15
16
2
3
2
34
3
42
8
11
21
26
5
3
10
4
5
12
2
2
1
1
3
9
4
5
1
6
3
6
7
5
6
11
2
4
0
7
23
3
18
10
3
2
13
10
2
1
23
4
0
2
4
21
5
2
2
1
9
2
2
4
1
1
2
10
19
10
9
2
0
0
3
5
7
3
1
1
25
26
11
26
5
9
62
8
4
6
7
7
5
13
4
6
8
2
2
10
2
1
1
5
4
3
6
6
1
2
3
3
2
4
3
4
8
4
5
2
1
7
7
6
4
2
4
5
2
5
19
3
7
2
5
4
4
1
10
3
5
12
2
15
2
12
7
3
3
45
5
19
11
4
9
27
18
12
12
5
7
15
12
6
5
3
6
12
12
23
4
4
1
12
55
36
4
5
4
4
18
3
20
7
15
47
5
6
21
6
12
3
8
8
1
4
6
1
2
41
10
9
2
13
14
23
38
4
29
15
36
21
6
8
4
1
8
34
12
1
11
26
5
1
10
5
17
4
17
35
9
13
5
6
13
16
4
3
1
3
2
6
1
9
2
3
1
6
4
8
4
14
5
0
8
13
15
6
8
2
3
21
5
0
3
7
8
1
51
7
6
40
12
2
13
9
5
1
24
14
5
4
35
7
4
1
6
2
3
26
5
7
11
9
2
12
21
8
2
4
5
7
2
3
3
19
avg:9.131
max:66
fail:482
