42
187 164 170 189 174 198 158 142 164 165 135 171 157 151 131 185 172 197 176 181 174 182 143 142 192 191 156 178 145 187 156 131 188 179 162 177 179 155 154 133 141 162
34
163 174 151 141 173 138 197 194 172 197 147 179 173 141 149 138 196 155 130 152 138 136 140 182 144 168 136 135 130 139 140 150 156 151
94
178 159 153 134 134 196 140 196 156 131 188 134 159 186 183 137 178 148 182 169 151 133 165 149 178 154 190 177 196 163 186 181 175 174 162 170 149 167 163 187 192 176 190 191 146 155 187 195 164 171 142 180 160 131 154 166 130 157 151 147 197 187 167 163 153 165 149 139 158 131 168 182 156 196 140 163 178 190 171 132 175 180 189 174 157 188 173 145 181 162 190 131 166 194
21
176 141 178 159 198 184 151 174 183 169 158 138 170 138 197 177 148 183 138 143 157
22
160 167 193 194 159 186 165 151 150 199 199 186 178 193 194 148 164 189 139 142 175 175
94
193 133 177 184 183 158 130 148 168 130 186 158 151 189 138 139 197 162 162 188 172 148 159 190 177 178 161 135 198 176 161 162 174 182 165 158 166 172 186 175 143 179 182 174 146 171 138 162 161 141 159 187 186 162 159 165 132 140 190 133 189 141 188 161 189 195 173 162 145 162 195 198 196 187 157 162 192 169 184 161 169 156 169 188 192 135 185 134 159 151 192 175 130 148
54
169 163 169 156 157 199 139 137 186 199 183 155 137 176 136 135 188 172 195 174 184 141 156 151 176 143 173 195 165 163 132 158 142 145 173 166 171 158 186 182 191 144 156 192 189 191 135 140 173 166 134 159 172 179
54
134 174 170 185 199 156 183 194 152 198 148 157 165 168 171 182 185 147 134 134 194 134 174 142 199 133 130 197 147 158 187 193 130 143 138 172 185 152 140 153 197 172 169 137 165 133 164 163 142 171 171 193 192 135
94
175 141 152 132 132 196 174 190 137 160 143 164 190 180 155 163 171 130 196 177 135 150 130 174 165 194 149 155 176 194 178 182 141 196 188 183 181 134 168 174 179 182 130 157 180 166 180 197 170 145 186 187 133 138 154 199 172 136 155 187 167 184 165 137 159 138 143 160 172 182 183 156 157 161 175 175 134 130 172 196 190 156 161 171 171 197 143 160 170 144 148 193 170 191
63
169 160 133 188 138 165 187 197 140 148 199 193 150 167 144 167 198 173 177 191 160 170 158 173 144 145 160 161 134 155 146 182 150 193 195 176 176 146 177 186 187 137 161 199 161 146 132 137 162 177 136 165 161 193 179 139 145 179 172 166 165 143 152
85
184 134 162 167 149 192 153 147 163 131 145 187 158 185 188 183 152 154 131 191 145 169 175 131 150 146 144 145 133 180 168 149 151 143 194 157 134 156 163 156 145 162 178 191 150 193 181 175 135 182 182 161 137 184 188 132 163 146 133 160 133 165 182 138 180 167 152 172 165 139 161 150 158 185 180 167 199 150 155 163 194 161 130 194 188
36
139 192 175 194 131 143 179 175 158 162 177 179 146 141 187 157 131 149 150 153 184 151 187 185 133 153 182 194 131 142 139 140 168 157 154 195
87
158 180 187 177 184 143 141 183 166 183 180 181 179 170 184 192 189 183 161 184 168 192 180 135 135 199 153 142 158 177 134 198 161 144 153 145 185 142 176 188 149 132 179 185 139 184 195 190 135 158 168 140 141 173 192 172 192 157 140 143 141 153 133 157 180 149 145 165 158 183 137 188 133 167 139 133 139 191 178 132 178 130 141 138 194 158 136
91
169 163 140 130 178 177 186 193 175 156 195 168 183 139 154 198 173 199 187 186 174 175 138 166 131 155 185 191 139 176 164 195 174 162 155 193 172 176 168 142 186 176 193 199 194 185 176 192 185 193 175 136 166 151 144 174 196 132 196 168 172 155 145 141 160 191 195 181 147 186 150 170 192 134 173 193 196 142 138 182 173 194 193 174 183 176 138 194 197 143 149
29
140 140 168 188 170 135 131 134 133 166 163 159 192 191 199 158 152 133 144 180 142 193 181 179 158 159 168 139 161
4
165 181 174 132
86
173 178 189 182 188 197 170 161 134 178 151 169 183 175 199 147 159 188 130 171 144 197 175 185 175 190 159 172 158 142 194 185 190 184 194 180 195 181 161 185 199 160 198 173 148 167 132 196 189 133 198 191 170 173 143 158 184 198 190 161 195 194 151 193 177 173 145 168 165 146 149 150 138 149 133 196 180 166 199 197 188 139 154 151 135 136
17
156 136 166 167 161 144 140 146 131 172 151 174 179 175 182 183 174
42
185 182 133 151 176 148 138 132 187 147 161 162 196 160 164 199 154 166 170 143 166 162 134 135 138 168 131 192 151 144 189 178 142 154 195 132 199 189 168 163 188 146
60
148 196 186 172 163 178 182 156 182 147 135 137 188 152 137 168 170 162 170 198 139 142 138 152 180 165 155 142 177 136 187 188 147 198 191 136 140 169 185 158 149 150 150 150 157 162 175 155 152 161 174 148 176 164 196 178 169 158 143 155
16
171 185 135 148 134 170 195 144 157 182 151 134 149 169 180 133
51
183 165 190 197 156 197 148 133 136 184 154 151 199 155 185 167 194 157 163 164 160 188 178 161 145 182 163 152 134 136 156 176 142 149 140 184 189 163 191 181 189 149 165 155 155 176 150 135 149 134 196
94
174 199 190 155 183 179 131 152 178 188 191 148 166 150 192 174 159 170 162 182 181 155 154 164 164 192 175 180 184 172 141 142 197 147 189 185 155 144 170 163 184 161 162 182 189 188 162 162 147 178 135 148 133 199 174 154 146 179 178 195 196 176 140 157 182 147 172 166 164 147 181 143 172 131 196 153 198 183 192 168 136 180 161 182 186 160 165 184 176 137 139 153 174 197
69
188 141 196 143 158 157 156 181 187 172 143 167 198 145 188 175 198 147 183 163 161 160 198 141 190 139 192 184 179 181 155 167 133 183 144 192 172 140 181 152 197 147 140 132 144 181 130 133 197 173 179 135 139 147 132 150 172 198 146 167 190 178 181 148 133 190 153 136 142
11
192 188 154 161 198 133 157 145 148 191 147
51
184 178 168 131 153 196 147 178 159 175 195 145 156 186 193 160 160 138 168 152 173 170 176 185 130 179 137 182 192 178 152 159 154 154 158 142 157 132 145 198 174 197 133 199 165 161 179 130 132 188 133
52
174 133 131 170 174 180 137 149 130 168 181 194 180 177 189 185 143 138 132 163 172 151 150 144 150 197 185 179 170 175 151 152 180 169 148 159 161 167 133 163 140 137 166 186 180 132 198 159 178 159 149 149
25
172 150 188 167 188 167 153 170 187 186 164 132 141 179 191 196 140 143 153 196 182 172 141 184 153
63
166 190 165 184 139 176 190 158 142 167 164 160 147 196 190 161 182 179 153 178 195 141 145 146 176 198 158 199 198 197 140 137 199 131 185 148 166 163 169 154 155 143 158 142 173 169 154 148 145 191 153 162 158 181 196 174 196 137 187 199 156 194 171
70
152 156 163 191 145 199 177 190 142 156 141 167 136 152 145 143 194 140 197 185 175 193 151 178 138 138 130 191 157 195 160 145 179 170 189 173 135 154 192 187 192 136 187 162 182 160 131 151 147 185 169 151 158 191 187 188 186 146 199 149 172 146 146 155 198 134 160 193 147 188
4
141 161 162 195
98
186 132 131 136 161 181 155 187 164 178 165 166 154 169 138 164 143 192 195 163 178 163 132 187 180 176 188 140 161 171 189 195 173 176 133 191 135 163 194 140 193 191 147 169 180 153 165 162 139 171 142 166 171 187 140 141 185 162 132 199 140 195 161 198 153 186 178 138 166 141 166 166 167 140 164 189 148 139 194 199 198 187 155 166 174 198 186 158 187 178 160 139 155 196 149 160 190 131
14
175 195 168 140 131 187 187 134 146 147 150 177 134 171
53
161 178 133 135 187 151 164 137 186 198 172 153 160 182 167 138 168 135 189 137 161 133 194 197 181 183 157 181 182 177 185 173 184 164 185 145 181 174 141 172 186 146 183 183 190 180 158 191 193 168 161 186 169
69
160 161 183 179 143 139 183 136 195 135 174 150 155 190 146 175 185 141 158 179 186 132 182 195 140 155 132 195 182 140 146 147 182 138 130 150 166 158 193 170 136 164 193 187 190 155 142 150 137 195 146 141 198 151 148 165 136 185 159 162 136 175 132 183 172 151 132 142 138
19
198 187 184 140 190 175 149 149 185 183 160 199 179 185 141 171 131 142 133
34
169 157 172 133 193 140 194 158 194 183 149 132 164 139 150 155 177 184 197 166 186 173 160 179 180 168 130 141 155 161 180 153 199 145
79
199 166 162 175 167 166 183 188 185 169 163 150 172 195 141 195 177 197 139 184 181 187 178 175 147 138 148 134 152 153 158 134 161 153 180 174 161 137 197 162 161 193 171 163 151 195 191 195 190 135 141 172 162 161 185 135 163 188 149 132 198 184 172 147 155 138 134 160 179 184 164 133 165 188 154 191 150 183 143
95
140 146 147 175 175 136 140 179 168 183 195 197 139 130 184 148 197 174 130 132 133 135 144 171 176 156 194 135 162 179 151 182 174 169 159 143 147 166 175 168 197 168 189 197 157 151 176 175 160 191 173 132 166 160 165 157 174 134 169 180 166 141 191 199 180 144 172 151 139 167 190 149 183 173 183 171 133 185 156 199 145 179 188 198 143 179 175 171 163 136 172 168 178 181 169
79
191 173 193 184 163 199 172 157 192 141 177 146 131 197 133 190 196 180 132 175 136 150 197 172 140 159 165 144 133 132 195 156 180 148 168 171 165 147 145 187 159 172 173 187 182 137 199 163 136 183 148 181 160 156 138 197 186 155 181 132 139 195 186 171 195 194 131 193 158 145 160 199 172 161 183 183 155 132 179
1
164
79
145 147 193 183 190 153 190 143 142 181 141 150 158 141 148 137 172 198 189 162 193 150 192 158 142 155 175 148 171 142 134 169 148 148 182 197 131 157 179 165 170 193 184 150 171 175 183 194 142 143 162 139 174 159 182 144 169 150 134 194 159 178 185 173 152 133 190 181 157 151 189 178 198 163 182 189 183 153 162
89
153 134 180 142 160 131 172 181 150 137 166 186 198 170 185 148 188 179 195 187 143 182 132 182 160 160 182 163 141 146 178 197 137 132 178 197 189 195 159 132 199 181 173 140 138 141 159 182 140 192 184 167 175 148 131 140 140 197 191 166 149 193 170 183 147 153 150 174 173 142 133 161 160 192 177 197 131 143 130 187 190 133 166 183 131 179 175 146 161
66
131 170 189 157 183 190 198 151 165 191 177 181 147 199 174 189 168 190 170 141 138 195 180 198 159 132 178 180 138 185 181 154 167 143 166 181 176 168 170 158 186 195 197 191 160 142 168 163 185 145 156 151 154 149 163 158 173 162 153 183 167 153 180 131 174 158
28
138 139 188 159 157 149 191 169 135 178 169 156 159 163 173 181 154 171 154 135 157 166 183 174 176 143 198 143
85
192 187 168 189 130 141 134 190 167 143 194 159 154 185 146 178 149 188 149 169 167 170 168 184 185 156 159 183 166 152 180 170 176 185 141 156 141 169 197 193 145 140 160 196 195 171 188 152 187 192 164 195 152 192 145 138 196 159 168 163 135 185 170 135 188 141 195 130 177 193 134 151 195 166 154 131 137 130 154 160 186 151 150 145 145
83
135 158 193 152 147 158 165 152 167 142 139 177 156 193 191 165 199 158 169 185 164 179 175 192 175 152 142 183 160 168 147 172 198 153 167 165 174 131 178 172 139 146 168 149 198 161 196 153 197 145 134 141 180 181 152 172 168 165 184 136 147 187 193 134 134 149 181 188 133 158 167 179 167 141 131 194 143 185 152 139 131 155 175
37
177 169 130 142 183 151 199 188 177 168 184 164 154 133 195 188 190 132 139 174 139 168 193 195 130 194 183 135 162 145 157 137 167 194 134 150 164
92
191 155 144 190 162 138 166 158 141 174 187 156 164 189 178 177 163 158 196 132 188 130 169 168 180 134 159 166 178 142 188 134 197 159 134 160 177 164 158 151 198 192 162 141 134 146 186 159 143 198 151 153 166 164 195 192 142 170 171 180 133 188 197 173 173 171 184 175 156 141 152 191 189 141 178 130 144 177 157 144 161 131 199 168 171 170 133 162 145 190 153 132
3
186 163 153
67
131 145 168 172 181 139 153 169 157 162 131 163 172 160 139 142 157 154 185 150 143 182 189 177 178 150 141 171 134 187 164 163 149 199 176 167 136 162 180 179 146 182 133 170 183 195 131 199 176 177 139 172 167 195 166 148 172 134 146 133 170 169 141 148 187 146 158
15
140 163 197 149 196 192 162 157 193 140 137 133 130 157 143
77
174 166 167 134 170 161 182 134 174 166 193 134 175 180 162 160 191 196 139 153 157 139 141 175 142 154 154 151 143 144 196 148 138 177 160 143 154 144 136 177 151 178 141 182 151 182 163 151 181 161 160 138 139 131 130 169 167 137 164 185 171 186 157 158 153 179 173 191 153 169 156 193 157 195 182 180 137
82
157 180 176 177 141 177 155 134 138 151 147 135 172 141 167 135 183 161 130 190 190 155 160 160 137 138 196 174 139 161 194 188 140 158 169 189 177 179 179 189 166 130 176 183 178 170 153 136 159 144 182 180 174 144 143 136 159 171 198 189 181 151 138 186 193 145 160 189 191 170 168 152 172 156 148 139 137 177 158 179 183 170
96
186 143 199 187 137 154 193 135 138 133 193 193 146 191 140 164 187 194 192 137 161 165 177 172 142 137 150 183 156 140 179 158 199 146 164 140 192 139 160 153 192 182 134 197 197 164 155 143 141 143 173 194 153 145 182 161 196 149 198 198 154 171 174 165 137 133 160 172 137 197 147 160 192 180 180 178 186 134 145 180 151 145 167 143 132 187 159 171 171 194 130 133 133 171 195 198
44
190 185 161 160 162 195 131 190 174 180 136 194 168 199 195 186 152 182 192 131 177 164 137 168 146 140 190 152 151 193 149 152 134 191 135 194 140 176 196 178 191 153 183 151
81
155 138 149 163 158 159 168 144 133 189 149 166 179 197 177 172 145 182 173 132 178 143 153 188 165 197 158 148 181 193 165 171 182 170 178 156 185 135 163 179 155 153 155 154 138 145 130 193 165 150 178 184 173 155 198 141 172 146 150 152 152 161 186 195 140 191 187 197 143 168 153 135 181 173 162 151 169 154 152 153 170
62
194 168 146 156 141 153 158 187 159 154 174 183 185 194 154 142 177 147 155 146 196 199 160 167 160 199 188 176 187 153 172 130 191 175 133 165 146 145 164 136 148 131 155 198 195 163 153 182 178 177 186 139 146 164 136 153 152 161 170 135 168 167
71
140 153 187 183 154 176 142 150 151 151 176 135 133 154 139 145 193 194 143 157 197 150 149 161 195 134 160 170 137 131 172 153 137 147 163 153 173 199 161 175 148 158 168 180 132 184 144 163 193 196 177 196 186 161 184 148 131 136 155 179 136 168 137 171 189 171 166 177 146 143 167
22
152 137 149 164 137 141 168 152 164 148 148 171 186 192 140 164 188 165 139 144 174 194
60
189 134 155 173 192 191 197 134 163 161 159 130 147 183 198 184 152 146 179 198 157 147 134 198 137 138 133 152 141 149 183 147 164 194 194 133 145 131 163 182 138 160 159 180 153 154 139 184 134 143 189 158 185 163 178 161 152 153 198 149
89
195 131 130 156 151 178 181 198 157 187 142 168 172 143 196 146 169 156 165 161 193 178 180 197 136 151 166 160 183 151 180 184 163 171 175 148 179 135 144 175 187 144 184 136 177 197 195 152 136 138 138 149 191 159 178 180 175 190 182 199 196 180 142 162 199 172 136 137 153 176 160 185 162 131 147 141 151 145 163 152 196 196 188 171 195 138 196 169 194
57
146 152 148 148 181 176 168 157 158 199 197 149 150 145 198 192 196 159 167 171 187 195 191 186 134 174 169 139 156 151 185 155 186 150 177 195 140 137 179 135 176 138 185 183 147 180 197 155 142 183 150 164 139 138 145 168 150
41
139 187 177 184 154 177 185 169 192 133 192 192 163 151 159 187 193 140 144 153 157 138 160 188 198 181 142 177 194 149 141 179 153 196 152 140 177 162 150 140 195
64
175 197 187 174 184 173 133 168 176 134 134 145 149 182 164 164 132 194 182 195 143 172 173 194 140 172 143 137 192 140 187 187 146 161 137 195 176 197 149 140 138 135 157 164 162 165 166 165 178 138 182 138 175 142 137 176 177 143 193 145 196 169 194 174
66
189 156 189 152 179 175 156 161 197 138 153 187 162 166 199 181 170 190 134 135 186 153 146 144 176 187 156 143 189 161 194 157 165 150 160 195 175 168 178 196 199 198 181 145 196 140 146 150 184 177 158 136 174 190 163 174 141 140 170 154 163 196 171 140 195 136
89
146 177 136 177 198 189 134 145 191 160 142 188 136 157 140 177 157 174 166 182 142 179 196 185 166 184 190 166 159 196 192 149 161 192 136 144 137 150 148 152 194 171 170 130 183 146 131 187 189 198 180 152 199 198 199 197 154 177 147 195 193 149 131 142 159 166 131 141 194 199 138 166 179 137 144 168 132 135 178 182 175 186 191 169 193 177 151 153 152
41
166 198 189 189 183 189 191 131 173 154 148 132 164 189 181 184 163 149 194 199 145 162 171 176 177 132 135 141 198 140 167 135 197 194 152 189 131 198 194 174 178
42
182 178 154 196 157 183 151 135 158 135 144 132 136 196 174 166 171 154 170 134 166 176 167 145 188 151 131 155 151 131 159 170 187 186 183 194 184 135 167 132 166 165
47
192 169 156 175 183 192 181 196 163 174 179 170 175 186 175 190 186 165 193 183 132 146 136 190 196 152 190 160 135 192 190 185 156 161 180 174 179 144 160 142 136 176 164 140 187 192 156
17
148 175 141 140 140 162 191 143 148 154 173 185 180 168 167 190 135
84
195 186 163 160 152 159 189 153 157 139 163 169 193 160 192 155 181 181 168 183 173 197 144 176 187 141 149 154 136 131 182 188 192 135 137 197 188 184 172 170 136 185 180 135 196 160 197 192 174 154 184 180 155 130 146 176 142 186 143 181 157 195 195 135 184 198 199 189 188 131 162 157 137 199 172 131 158 182 179 147 139 139 190 190
37
174 142 155 143 155 151 179 147 138 184 199 131 179 168 187 139 146 179 195 156 164 157 194 144 168 176 195 171 154 189 148 168 137 183 184 185 147
18
195 181 163 153 167 179 146 155 143 194 150 162 154 179 158 150 174 162
77
161 145 156 161 180 155 150 134 178 197 140 178 131 177 192 178 170 141 181 189 141 190 153 192 153 152 142 178 191 178 147 155 186 182 136 184 187 164 193 187 140 195 144 143 167 193 138 190 195 196 158 172 176 158 171 132 196 136 142 174 173 160 192 190 165 141 170 145 158 170 191 153 148 162 148 194 135
88
172 193 188 189 181 146 182 142 141 173 188 165 176 166 158 169 193 185 177 156 159 145 137 137 170 140 142 165 179 133 180 163 197 146 181 135 162 135 179 185 163 195 195 143 146 196 198 185 182 161 150 132 186 188 169 146 182 175 158 198 196 196 141 186 187 141 162 165 182 134 169 182 147 190 140 144 169 150 148 141 150 190 181 167 183 195 156 179
76
160 156 166 172 183 176 167 195 152 175 196 176 176 167 148 156 154 165 155 138 170 160 144 144 152 142 178 156 195 170 189 139 199 183 198 167 151 135 171 139 199 148 175 162 143 151 190 177 163 158 198 185 149 186 169 163 141 141 149 141 182 194 176 148 170 158 139 155 130 134 186 168 146 157 153 163
72
147 193 141 133 194 152 167 187 163 193 146 145 155 153 156 130 189 195 156 183 133 152 159 199 166 153 145 175 141 174 157 181 137 159 199 186 175 182 152 183 197 140 169 187 166 169 185 196 159 179 183 185 178 171 168 179 166 141 148 164 185 173 184 146 174 191 165 182 141 177 155 184
39
143 188 135 162 173 131 163 192 140 180 190 178 165 142 168 148 187 151 170 188 196 153 172 192 162 137 180 138 134 197 194 143 144 164 174 136 160 195 135
64
167 182 151 139 140 158 158 198 160 179 161 186 137 198 146 185 139 148 130 155 154 176 197 166 164 130 181 168 178 164 189 154 196 164 160 159 172 199 191 132 194 143 139 159 197 187 196 176 137 179 183 189 174 185 134 176 139 148 166 138 172 176 177 165
89
176 138 132 134 163 195 196 166 162 156 154 149 132 154 172 179 146 166 172 182 145 156 135 192 199 145 137 154 184 183 164 139 132 181 183 183 167 173 163 150 155 174 165 151 182 178 155 166 180 171 198 139 172 167 173 138 134 142 136 147 146 143 150 132 169 163 149 149 132 142 152 199 194 189 134 178 154 176 143 194 142 188 133 183 197 168 193 197 175
80
161 174 149 171 197 196 162 195 152 142 198 176 151 195 145 169 136 142 166 188 199 180 186 184 160 156 156 153 145 184 191 188 148 144 174 147 183 132 194 163 142 145 171 182 174 199 175 140 196 178 185 144 161 169 191 169 182 133 192 162 152 189 131 187 135 160 199 199 138 149 148 130 191 138 130 176 158 174 165 155
11
138 196 160 165 174 186 132 169 193 132 195
37
133 175 137 132 158 145 144 158 199 192 138 166 198 168 158 185 199 149 174 192 189 189 188 147 188 143 161 183 150 196 166 163 194 150 188 133 187
97
146 160 165 172 140 177 183 186 158 157 139 174 148 140 178 175 157 192 164 162 189 152 160 151 175 160 161 164 190 180 185 197 184 187 157 195 182 188 183 145 199 167 138 149 186 170 159 150 171 179 191 186 130 141 144 193 134 177 169 156 199 130 167 195 135 154 149 184 162 180 149 187 183 193 147 137 180 145 143 151 182 136 154 182 134 186 190 153 165 162 157 171 141 174 159 146 145
40
188 137 148 184 190 142 139 160 135 148 192 196 132 189 176 179 168 163 199 145 157 180 141 142 130 147 156 145 176 153 192 168 135 135 138 148 190 161 149 184
86
176 137 137 141 168 173 146 153 143 148 143 175 199 196 141 131 179 184 153 139 131 149 162 196 190 137 130 149 183 178 147 173 170 158 196 198 133 190 156 138 145 193 199 178 156 140 135 176 133 178 189 136 190 145 149 169 191 147 135 174 148 188 184 191 171 187 190 132 135 196 138 148 190 195 163 164 133 137 175 176 130 176 191 190 169 148
78
149 165 133 197 151 161 167 183 181 136 179 151 184 172 147 170 168 176 164 159 177 180 151 173 181 191 199 169 189 155 169 143 145 156 191 184 133 169 145 174 195 175 140 133 147 172 182 184 163 150 185 188 150 173 150 136 185 164 170 188 168 134 188 171 147 147 168 150 149 160 140 180 132 130 134 195 194 142
12
146 198 164 156 186 136 172 198 138 175 182 137
47
189 132 161 176 180 197 156 130 130 185 135 198 194 144 173 179 136 173 196 148 194 151 161 165 165 164 192 189 172 154 170 165 147 176 160 164 174 157 165 175 139 161 168 194 164 136 195
72
180 164 179 159 165 178 137 135 174 138 146 180 182 166 192 197 193 151 155 139 175 179 178 139 187 154 150 168 184 187 172 180 148 198 176 160 172 193 179 151 133 167 189 143 163 161 152 145 186 162 170 196 191 147 147 170 145 176 151 192 182 186 181 150 185 135 183 133 131 132 155 167
13
131 157 181 142 162 138 160 139 134 189 143 161 144
42
134 183 170 174 138 137 143 152 178 132 153 189 148 185 170 198 163 165 191 185 138 173 197 191 156 140 179 180 155 173 131 184 182 180 171 145 159 190 174 192 176 160
16
132 144 182 143 188 135 190 155 183 152 159 167 193 147 164 169
69
148 178 160 169 147 193 130 177 156 191 182 154 182 198 146 163 189 158 153 195 141 160 139 186 132 165 184 138 145 153 171 157 160 158 140 144 186 189 176 138 155 172 142 172 181 147 198 175 179 179 132 199 196 199 195 170 176 182 175 132 183 181 196 161 180 142 192 151 140
14
135 155 130 190 198 130 171 156 154 174 139 170 199 152
36
181 164 130 142 161 135 191 146 143 140 148 152 185 186 184 142 184 145 182 151 171 195 160 155 161 177 162 173 137 153 180 139 198 184 144 139
36
130 155 151 132 164 170 146 140 191 159 179 183 197 150 195 196 160 168 145 187 159 151 130 152 136 179 160 139 175 189 179 171 181 194 177 185
2
173 179
89
154 163 174 174 180 181 197 194 171 177 155 180 149 165 198 181 182 157 190 169 176 177 188 198 174 178 145 141 143 145 141 164 167 132 144 196 154 158 171 194 178 166 146 186 140 169 167 179 179 173 134 141 184 170 197 156 132 152 188 196 132 133 138 179 133 167 173 177 166 134 141 143 160 183 162 150 172 183 174 193 157 185 132 160 167 156 130 158 166
